9.779284769618636020e+00
4.179958911953550960e+00
3.212628089564451006e+00
2.781939232574514254e+00
2.521983696361398408e+00
2.317483164400497397e+00
2.140868130341874398e+00
1.984310588985534585e+00
1.844338086451177583e+00
1.718717435254833781e+00
1.605697625090467984e+00
1.503788222428893206e+00
1.411693541447843536e+00
1.328286516684636043e+00
1.252585864633001922e+00
1.183731285334008509e+00
1.120961515703425393e+00
1.063599520962807521e+00
1.011044783556032334e+00
9.627693681274921422e-01
9.183140418425477236e-01
8.772823295082268213e-01
8.393323255945465133e-01
8.041673595907684602e-01
7.715269910867805780e-01
7.411794933070363633e-01
7.129163281032775412e-01
6.865484872314184805e-01
6.619042068756152419e-01
6.388274911054415695e-01
6.171770013305255542e-01
5.968250494395517247e-01
5.776565842351085722e-01
5.595681544049053713e-01
5.424668735082949222e-01
5.262694221302973707e-01
5.109011162768261061e-01
4.962950599135952379e-01
4.823913885516625810e-01
4.691366018603405075e-01
4.564829767179176545e-01
4.443880476090865117e-01
4.328141385444579936e-01
4.217279295930689842e-01
4.111000417449204303e-01
4.009046262801190808e-01
3.911189491179153932e-01
3.817229664558680624e-01
3.726988946794460023e-01
3.640307839412160740e-01
