5.161650685107321124e+01 3.082608909321228907e+01 3.353158327925578419e+01
6.352303194556614407e+00 3.752687074784498122e+01 2.803731301670756437e+01
2.895216521832699286e+01 7.236253647011436918e+00 3.766894840408688339e+01
3.797039570626287741e+01 1.625230898849187255e+01 2.280315900461194900e+01
2.422841296131920785e+01 2.372360290463469923e+01 2.161879787018695254e+01
4.964011899577837994e+01 1.301231834721003544e+01 2.177571926892601084e+01
1.853786939771072895e+01 5.374795252401507639e+01 3.504034135823010843e+01
1.728192307148829698e+01 4.561877012466163706e+01 4.250888921823419508e+01
9.874401361426393464e+00 4.382885742700462828e+01 2.969827015959237215e+01
4.516944632400707604e+01 2.755739260272532221e+01 4.103442432743369039e+01
4.408414216995960544e+01 1.070137812346269257e+01 2.633941250129909051e+01
4.737709959878326060e+01 7.532631151066176756e+00 3.902066656486443463e+01
2.539267363677153000e+01 3.719557276802592582e+01 2.688636233024227451e+01
4.362517620223099613e+01 1.274180889441136344e+01 3.734981858861074500e+01
2.890305622476373060e+01 1.817726882332063099e+01 4.267437207954161948e+01
2.508300724547633109e+01 2.429384718882912964e+01 2.132055839708034028e+01
3.794396513930026771e+01 1.317498439114459607e+01 2.781453587792075055e+01
2.007087041932074101e+01 4.438437625167236433e+01 2.138585513869577781e+01
1.739878719725081879e+01 4.644857459511021602e+01 1.983830018271842377e+01
1.359990756742553941e+01 4.447714660075406812e+01 3.933138113385532364e+01
5.202882000480433078e+01 2.982898500099998884e+01 3.449892533426693575e+01
5.101728657784676813e+01 2.040082677904112174e+01 3.979099524117444986e+01
2.475727271640649008e+01 4.385330310238127538e+01 2.646246338567815215e+01
3.425102518220210612e+01 1.505306483532853079e+01 3.753969604410164607e+01
2.220875298160722977e+01 1.331124626755108409e+01 2.544712849021522061e+01
2.058459594574149776e+01 4.916409878492702035e+01 2.021369579328768751e+01
1.999254755333493705e+01 2.314531739799782173e+01 2.823548254904789800e+01
1.805715710246320782e+01 3.088328739045954663e+01 3.388835712243248821e+01
4.453836391442241194e+01 1.722669822952300223e+01 4.129188975702091113e+01
2.256267100247187329e+01 1.884572295947738851e+01 2.930161217731318857e+01
5.219881767444385900e+01 2.480079244247433223e+01 3.763942556282245278e+01
1.068335711022026224e+01 4.223020694450648449e+01 2.429384544747697561e+01
4.843790891499050133e+01 3.361555122812131913e+01 3.118533627393815877e+01
3.052341140233844285e+01 3.673370057510592090e+01 3.642946398654724049e+01
3.132693538660919685e+01 2.605956409966371368e+01 4.255579816544263849e+01
2.850702300826164404e+01 2.516996325803577506e+01 4.248723380242599035e+01
1.952526061628078224e+01 2.306663376677862232e+01 3.182728180733461798e+01
2.499531181360892163e+01 3.394828768922078410e+01 2.579318129499285916e+01
1.751461493225344412e+01 3.261090771548003175e+01 3.773920762054639511e+01
5.162998672898795860e+01 2.475936577606809408e+01 2.459046828451293720e+01
4.567197300242035851e+01 2.746535703811424511e+01 4.102683798208369126e+01
6.943738010511855130e+00 3.888207748725432111e+01 3.155161704225989183e+01
2.498443782917549072e+01 4.693638941444877588e+01 3.038966026126279019e+01
4.375335809541575571e+01 2.955184996467037806e+01 4.011253616666580513e+01
3.178299252810889186e+01 1.479886644035219234e+01 3.449236172354103758e+01
4.866053691357155486e+01 2.957348476635529266e+01 2.386464596096044133e+01
2.991386303118741807e+01 2.527604383913093145e+01 2.033188402102779690e+01
1.812756383459429088e+01 3.922988245884104686e+01 4.048636328609175905e+01
2.482686690005660779e+01 4.319227896748829920e+01 3.683713915272639383e+01
2.137225131062658789e+01 4.909666419597895270e+01 3.486174623504695802e+01
9.671239826552183061e+00 3.218271139616151544e+01 3.790751734344705426e+01
5.244527752884913241e+01 1.257989104735040797e+01 3.664843354793501362e+01
2.594101101423203559e+01 2.596346545760441060e+01 2.124675159962970383e+01
2.199745195233891337e+01 1.487976301461195661e+01 2.410170757213773385e+01
1.246111627543992739e+01 4.052342116421247908e+01 4.023418753764359224e+01
2.121653323512549605e+01 2.501552154635639624e+01 2.520585883121530557e+01
2.182052865874451442e+01 3.292094642667081672e+01 2.647845516918040687e+01
5.160177731642367860e+01 2.490989030719052977e+01 3.844506682727029556e+01
1.274011902391238849e+01 4.635965354822438655e+01 3.862135799039465667e+01
3.093531511349957697e+01 2.656681278981161398e+01 4.251510682870502222e+01
1.915305463395117869e+01 4.061478144260057377e+01 4.009868570656921349e+01
3.948487818707779695e+01 3.496293334227183891e+01 3.309178885722326413e+01
4.482619269550409058e+01 9.435987791627240995e+00 3.538627781117907034e+01
6.882258409133356736e+00 3.432627892685201232e+01 3.349062386865874430e+01
2.425955558318233329e+01 9.171090043145539994e+00 2.238265829264389950e+01
2.845499705390292888e+01 3.041629693955303182e+01 2.213949251555629161e+01
2.643111950388026088e+01 4.039363664694683109e+01 3.630775206358276819e+01
9.487669927438432182e+00 4.190143367959230147e+01 3.662498400793404585e+01
4.629377929657548663e+01 8.220997460218907094e+00 2.802915220349751024e+01
5.067387651395321058e+01 1.424882248100613680e+01 2.218467659295961880e+01
3.064989691279679462e+01 9.390956641400173055e+00 3.656823855367886722e+01
2.371828758708107898e+01 4.622150178224274697e+01 2.772389256211643271e+01
5.299582113579990761e+01 2.200914578325293292e+01 2.777518537087770056e+01
8.647327732487219976e+00 4.101909232762538693e+01 3.485444574979483434e+01
4.905019922337692151e+01 7.646526753798415399e+00 2.795509860384959211e+01
2.107761524328726921e+01 5.060090332944017177e+01 2.982480198720891806e+01
4.232586926459904930e+01 3.455710290297150067e+01 2.910010107146015201e+01
5.256035894360510241e+01 1.956194429971631266e+01 3.543659694922564540e+01
1.773888490596155165e+01 4.945659587892743048e+01 1.976757820821453038e+01
2.489082224656795006e+01 3.226666436405371030e+01 2.498228894890387153e+01
4.497062125479551042e+01 1.007081669074397823e+01 3.940697682818374403e+01
1.702714841216540975e+01 3.634687986151849515e+01 4.058700881154571505e+01
2.601623562710560478e+01 4.400915667594769332e+01 2.844798327082836664e+01
2.167533675111080527e+01 4.736855544579798760e+01 2.547196414881542026e+01
2.098350528153328298e+01 5.060729053976393033e+01 3.031327227299060212e+01
2.621627525389094870e+01 3.708948102036441696e+01 3.569087711385777340e+01
3.296172988354395983e+01 2.536637065551383685e+01 2.034964369592930922e+01
3.390647630933809609e+01 3.683444910601734534e+01 2.764252708252080737e+01
2.952698629340189385e+01 8.434429997800624079e+00 3.597105085518030165e+01
2.675015208835095848e+01 4.006177962844051876e+01 3.541581315647420070e+01
2.928725351715975478e+01 3.766687415256394900e+01 3.105544813040579299e+01
2.780499441048831955e+01 3.337541623782699673e+01 3.888189227095275413e+01
4.739261661880703258e+01 3.409002561901311879e+01 3.026938617590413827e+01
3.122768019702575515e+01 1.326083156553069742e+01 3.654192639705074441e+01
3.681432862295719133e+01 3.081942689364330690e+01 2.298760138718015256e+01
4.666875389033403110e+01 7.405826842471737059e+00 2.669982923305484945e+01
2.412071972444055845e+01 1.739815902548190962e+01 3.207436966967036085e+01
7.573655111257708406e+00 3.675773432087825654e+01 2.374486381596221207e+01
5.214455468044489805e+01 1.633209815985360791e+01 2.793269136536773800e+01
4.966553563527214266e+01 9.154237137741340291e+00 2.290185341064625746e+01
4.719716555297456750e+01 3.341416789701224133e+01 3.516478393586830009e+01
1.768118688779692960e+01 4.862146972597096806e+01 4.381195832085595043e+01
1.095361054629027642e+01 3.204405544576070497e+01 2.449233457662661806e+01
8.428213735404177953e+00 4.089298162427667194e+01 2.860904755255693743e+01
5.057294180268863926e+01 2.712966759099861491e+01 3.903273872287602586e+01
2.102965312616888127e+01 4.292611962720661012e+01 2.355987742992440914e+01
2.835360650240365743e+01 7.561476465638063971e+00 2.634979279716356970e+01
2.248235386727243323e+01 1.876580799973758218e+01 3.449288340072164516e+01
5.227290015449339933e+01 2.780363991305414828e+01 3.642550853990444182e+01
1.655565462504072727e+01 5.331038228396347733e+01 3.532389682454587643e+01
2.404687008448179952e+01 1.735908192814801154e+01 3.332937150686407790e+01
5.200312772777694903e+01 1.197820979369599215e+01 2.402485656732021013e+01
3.972989990740286714e+01 2.206424687944007346e+01 4.219881216883865704e+01
3.603615276518246446e+01 3.511144101077096735e+01 2.611850818217561709e+01
4.524367875419318352e+01 8.564878504990430130e+00 3.856902254074155678e+01
3.157487588908589515e+01 1.225685757012486476e+01 3.930455127928946268e+01
1.140135321283138126e+01 4.744290366679177851e+01 3.421403163390930047e+01
3.246775683366898591e+01 1.440613504671659229e+01 3.386283419872943057e+01
4.467326921061219736e+01 9.679415894886584937e+00 2.738071537099071051e+01
3.334864584126406584e+01 3.550992344353403496e+01 2.535522345958954915e+01
1.276817385912030112e+01 3.369922799719206807e+01 4.050816313616694231e+01
4.085280227738784475e+01 1.790215365535679126e+01 4.162378278542339416e+01
7.156077894271259510e+00 3.921732506192871881e+01 3.022176446472263223e+01
1.901551741542867191e+01 3.463514696940070081e+01 3.898961900157419080e+01
1.537472982568596791e+01 3.299326709534066282e+01 2.394270162149246772e+01
3.109898869611140526e+01 1.496675465048255305e+01 4.122368512681828889e+01
3.404937302011265388e+01 1.546101554370613052e+01 3.856448267838427313e+01
2.422995567726114885e+01 2.287000033165861979e+01 4.148368732139107351e+01
3.737468770064625545e+01 3.430310837039588279e+01 3.684675790580994459e+01
5.386215974661663353e+01 2.725161736228791298e+01 3.398752644929704303e+01
5.206412888991426513e+01 1.664142993109617663e+01 2.420889955657316506e+01
2.612709006783631693e+01 2.437279666017511914e+01 4.200746039198946846e+01
2.638797144343108769e+01 1.387741037610534711e+01 2.918017187331528817e+01
7.551118853251862717e+00 3.932144196689650073e+01 3.582360424025425516e+01
2.079530051360108800e+01 2.668719364521108872e+01 2.629553556393176450e+01
3.381895721193972548e+01 1.868719346212474619e+01 2.087009520899656678e+01
2.963339679915782909e+01 3.749100185882935676e+01 3.311611365953879726e+01
5.218474594864493099e+01 1.742038658897735459e+01 3.458953243440240044e+01
3.776430923465592571e+01 1.673937667514877603e+01 2.216472989461280463e+01
3.326101382994208677e+01 3.599173622271899120e+01 2.581451429914750761e+01
5.324561255489194878e+01 2.559097668942837700e+01 2.738731290894890691e+01
5.345984905809096688e+01 2.607535133460885035e+01 2.778715194031049407e+01
4.346766357411019754e+01 3.226180098301693988e+01 2.484845120192517953e+01
5.187002336179693884e+01 1.299834611228302705e+01 3.474616066778710888e+01
5.218799804538656417e+01 1.086808448264590687e+01 3.583186359670214927e+01
3.670240100511031756e+01 1.496278336602251713e+01 3.826929124020044526e+01
4.152369459680360819e+01 1.922617342290320863e+01 4.183231881500774563e+01
3.061078457858799240e+01 3.751668524372925617e+01 2.972005260280499428e+01
4.931951338845989596e+01 2.841264682703979716e+01 3.938051763416105899e+01
4.654639071695822850e+01 1.420133041228856463e+01 2.993398471880937706e+01
5.043775716751427751e+01 1.178554183619863949e+01 2.946929246937357760e+01
2.906549436876127146e+01 2.214878802393083745e+01 2.030380468485002510e+01
4.701724312185892529e+01 1.366634508917315038e+01 2.997569342431691553e+01
1.693802325626245064e+01 4.898892744602694194e+01 1.980374595929178483e+01
2.682987379672920270e+01 1.169020922624934045e+01 2.902313189065262833e+01
1.374342191880592168e+01 4.159066605579160125e+01 2.285657741657843189e+01
4.971000545115645508e+01 7.832468123385027070e+00 2.788166242900225811e+01
7.578820635933947614e+00 3.714368973312210187e+01 3.912818531959901236e+01
3.193225801053176127e+01 1.298612534111449968e+01 3.823569170328750033e+01
4.811939182362938539e+01 1.178223227209402957e+01 2.177687286267699562e+01
4.635007377965021647e+01 1.440022112978588176e+01 2.172543159434626858e+01
4.949052828972234863e+01 1.729717119378254253e+01 4.129541539425480323e+01
1.964394951057682093e+01 3.065777112309861607e+01 2.802518201645828100e+01
3.945567104748962350e+01 1.818650597678546177e+01 2.133395240025507533e+01
3.167972624010446481e+01 1.578211704183147468e+01 2.227655366254920111e+01
4.766288000518055412e+01 3.387918684667356928e+01 3.288725879398890584e+01
3.203317127564488942e+01 3.662917785496571099e+01 2.628245263067116611e+01
2.378671765409928440e+01 2.860643765358724622e+01 2.338283577158026816e+01
2.393733468237391193e+01 1.148686018397850361e+01 2.130801403110221059e+01
1.523078804583346191e+01 5.146181975622758387e+01 3.289220836460872022e+01
2.261036004620384432e+01 1.451134383529672256e+01 3.614661788517602758e+01
4.657900084494750104e+01 1.807270865321481068e+01 2.147207590869718175e+01
2.729354416767655067e+01 3.643296882692380478e+01 2.662171677640153078e+01
3.720434531143673240e+01 3.518117838295572142e+01 2.715419872963538239e+01
1.037361979406360568e+01 4.502464394538499448e+01 2.842977755389812700e+01
4.490690557932907012e+01 2.564670540578132218e+01 2.135494162464567580e+01
9.674304629175505710e+00 4.337917986068298148e+01 3.126048234648080637e+01
2.033716750721439581e+01 3.438817035125835986e+01 3.799717016073657305e+01
6.358126896907943859e+00 3.671137242967304815e+01 3.441610924109862424e+01
4.391074209787772276e+01 1.476355594092997592e+01 4.010079547244941978e+01
5.426194229926277046e+01 2.781878406225067124e+01 3.047861853348637240e+01
2.209113892823868852e+01 3.606892551541881886e+01 3.816712275165681945e+01
5.453910469410865858e+01 2.743776063149735833e+01 3.080002529631213903e+01
3.157175406572874721e+01 1.257759495543434625e+01 3.975420743625898723e+01
2.124866990120926502e+01 4.873119057299152956e+01 2.725287013116014379e+01
4.042788098141119235e+01 3.475124036072448774e+01 3.309927841941414783e+01
2.208011433879646290e+01 1.932121991690535623e+01 3.354787696225221794e+01
1.579496831438074267e+01 3.086589202989251035e+01 3.508770845348541201e+01
1.629710698551637549e+01 4.062893284888195922e+01 4.046106740031031990e+01
1.078525541564201795e+01 4.251831323231564852e+01 3.850467513329135016e+01
4.206823318293940162e+01 2.944031189080217814e+01 4.027455963076442913e+01
5.068634905554104364e+01 2.033161501355917977e+01 2.290262144405110334e+01
3.737086305628226768e+01 1.510525518674225864e+01 2.479562020390865840e+01
2.363067121275887317e+01 1.642864737635982664e+01 4.202326478222147443e+01
5.141700778854965392e+01 1.819916044895090579e+01 3.107423959378055045e+01
2.408135760122370428e+01 2.156562516702179266e+01 4.168165069392688338e+01
2.257209910548629495e+01 1.028543353561451568e+01 3.765112904908018265e+01
2.639865513519347218e+01 2.319080404359192471e+01 4.225098511022552827e+01
3.841321386841370611e+01 2.128628213321781715e+01 4.228688052955018861e+01
5.039437269053851765e+01 1.695228481044127022e+01 3.271798449244570151e+01
2.747128700203877116e+01 9.067114598445778384e+00 3.453220665534755796e+01
3.788814622577823599e+01 3.098377110184065586e+01 2.328022525237795648e+01
5.235097166004132418e+01 2.097706857645294676e+01 2.588895802835359561e+01
1.875775308973413757e+01 4.118055569035242058e+01 4.006983576004366654e+01
1.473427079665097139e+01 3.052127836389182391e+01 3.411136024880627815e+01
1.026112756796496228e+01 3.139317781738263236e+01 3.602574081595145827e+01
3.075003894211212341e+01 1.614718876649174817e+01 4.173890956814134512e+01
5.223954508286430354e+01 1.794104573715444317e+01 3.457676839802783775e+01
2.471933922235042758e+01 1.600888340694839940e+01 2.936049576989285725e+01
5.063891391373265094e+01 1.417378932088391963e+01 2.216673944404901420e+01
2.124098439555744733e+01 4.045900034221366326e+01 2.333889217450150966e+01
4.460670695728401824e+01 1.506756203668329164e+01 4.065779284024366547e+01
3.108003491041896282e+01 1.012724882916434055e+01 3.685992143418802414e+01
4.439480019243605113e+01 1.821886764344700538e+01 2.160785613842198316e+01
2.993161947549645419e+01 1.015741459763560783e+01 3.530771774801901586e+01
1.148505261286293511e+01 4.260199306876136660e+01 3.909162013767187460e+01
5.064972263618010118e+01 7.659411130138788160e+00 3.660569399330177021e+01
1.268096985026087964e+01 4.650809109821704368e+01 2.422975878086209889e+01
4.960819768941952645e+01 1.100090782645325227e+01 2.209665668995687327e+01
4.380108525722202728e+01 1.178912347522584980e+01 2.582684489764139357e+01
9.469743235453734087e+00 4.059340496910236595e+01 3.837306476108992115e+01
2.365971214542297929e+01 1.752453400548635898e+01 3.402132188576112526e+01
5.109291158543754108e+01 2.380310077069574604e+01 3.910006431833365070e+01
2.207060762189006198e+01 1.426646864034108120e+01 3.788038067921851848e+01
2.714224978521253817e+01 9.122712287776501228e+00 4.157641601554275468e+01
1.839193052900878200e+01 5.383082172812615340e+01 3.817877107294890493e+01
2.769924441923356540e+01 9.828381966727446795e+00 2.139806682550006300e+01
1.311176699972268800e+01 3.170741782369464090e+01 3.877863296832640572e+01
5.140619966805174101e+01 2.749752527489787468e+01 3.792312217203761548e+01
8.365226351980080466e+00 4.051340830674894278e+01 3.624315543843163567e+01
2.114450594948344531e+01 3.189941113009562912e+01 2.691431210759649773e+01
4.970088944254292329e+01 2.578085605322872453e+01 4.012547737158112682e+01
4.177799923225662582e+01 1.586408889816350687e+01 4.001866395262915432e+01
3.803666811416645999e+01 1.740147007729466822e+01 2.163971933939077985e+01
3.149140033754942181e+01 1.327094169078210228e+01 3.703464743546703630e+01
2.187110414215712595e+01 2.004835817491628447e+01 2.650750546453771150e+01
3.157652454365731742e+01 1.180534098400200804e+01 3.845310011183377696e+01
5.216693228856539832e+01 1.715373001662577934e+01 2.825190120787897996e+01
2.472193839907615498e+01 9.499650877009779393e+00 2.186765708838909816e+01
3.970260283185729122e+01 2.188412307780748378e+01 4.220865438703599892e+01
1.410087295333626756e+01 4.807898450496732323e+01 3.830688576385546185e+01
1.582783909848583548e+01 5.336500427957723502e+01 2.549823149438778813e+01
5.036496864958699859e+01 2.773016178544252242e+01 2.397064512542756631e+01
3.658327676441135168e+01 1.525982308616792338e+01 3.876402414502877036e+01
1.759492864986310323e+01 4.149398937085904038e+01 2.282441935498601993e+01
2.687832270425728609e+01 4.304649063601789294e+01 2.941276035051467730e+01
1.538494058710961099e+01 4.223979295562344305e+01 2.286857658483586064e+01
2.351388425239815660e+01 2.521468628541175150e+01 2.244269752339321400e+01
2.956749067055722335e+01 1.087328150132067961e+01 3.490020652596696493e+01
2.524077025784843897e+01 1.869126098306701422e+01 2.041396866400965138e+01
2.097031773427247003e+01 3.125743349339737875e+01 3.596357260646304610e+01
1.704113016157834437e+01 4.479412335654350130e+01 2.292490120144428190e+01
2.932414190624581352e+01 2.186537059755519508e+01 2.030426948036097912e+01
2.171928125460014769e+01 2.360338094144271537e+01 3.874997755388491782e+01
8.329797364312369723e+00 4.083426551038321861e+01 3.163914274291435902e+01
2.266034385852089628e+01 1.021451812441766727e+01 2.372987622247482165e+01
4.028038836612959273e+01 1.690299572423912622e+01 2.218357109690355600e+01
4.165091074429953011e+01 3.412074114184067497e+01 3.507564801942282884e+01
1.015446070366211195e+01 4.321806068069151507e+01 3.676029849978947084e+01
2.116416149204191299e+01 4.507232060548593466e+01 4.251959799728701483e+01
1.335507030532968642e+01 3.091180288273679011e+01 2.675671881639675576e+01
2.803853561579451181e+01 3.151026670614555059e+01 2.278484453414735711e+01
5.182746747909518348e+01 2.028315163230342932e+01 2.449699789288083451e+01
1.079713589034031074e+01 3.441110945613172589e+01 4.077492704760744147e+01
4.245145708711011423e+01 1.430903808716020364e+01 2.788379745402104248e+01
2.857881677229941886e+01 2.309991532303583739e+01 2.035498723998245296e+01
4.334738604398764750e+01 1.387097281937993110e+01 3.175948540507976503e+01
6.859644338433568578e+00 3.484953856753499224e+01 3.594768614417512964e+01
2.947420910258165350e+01 3.515416593468852824e+01 2.478756404731699803e+01
3.534430430160963965e+01 1.332623113821339622e+01 3.402102909861295643e+01
3.471593389938380625e+01 2.915062060485029960e+01 4.125988205023060118e+01
2.680908236185654303e+01 1.103707378453367483e+01 2.899390602664680117e+01
2.982226423984934272e+01 1.384850803556792798e+01 2.825252940133175628e+01
4.890720552578704883e+01 2.544694348748831203e+01 2.235496873301624277e+01
2.238066545275799513e+01 4.782922482758608851e+01 3.494823003638096282e+01
5.236455967057540306e+01 1.830391458701901541e+01 2.742828075286669787e+01
4.638890205175559345e+01 3.421721986916398350e+01 3.341771777556425604e+01
4.767688277602685787e+01 1.493081456761135684e+01 2.149952741730537653e+01
1.680698186202160116e+01 4.924315829323099081e+01 2.059042077310880714e+01
2.951640896392629543e+01 8.660564313181296825e+00 3.567960103087460766e+01
4.799332167869868471e+01 7.097690002318280733e+00 2.672338230923098124e+01
2.183323935492784784e+01 4.619000853155959163e+01 2.125961049475142417e+01
4.678761084265020997e+01 3.164212879794662925e+01 3.777847927784345217e+01
3.678168081859641347e+01 2.174317525900421799e+01 4.245394151767953872e+01
2.825978806567442803e+01 3.332096979875183962e+01 2.379309576135965898e+01
4.713839880554662898e+01 1.534644580633368705e+01 3.182199328890223811e+01
1.880120297787290440e+01 3.412478918636098513e+01 3.872817770192820319e+01
2.201640785648921650e+01 1.936386648337133920e+01 3.663529333950623368e+01
6.892020746128482145e+00 3.553048841989041762e+01 2.608468775026070219e+01
2.531843747673232059e+01 1.527473969045270152e+01 2.033393437226395761e+01
2.439549056523722470e+01 3.889239452212274273e+01 3.803898716821101544e+01
4.445253163929176310e+01 2.216516241699430267e+01 4.178861702630919694e+01
1.306625217292731556e+01 3.096727355770508083e+01 3.715454381497055891e+01
4.580916083811203521e+01 2.929447761922181925e+01 4.012483776065170105e+01
5.276674843304796525e+01 2.088091632510985107e+01 2.750576214527407615e+01
2.691480465087621710e+01 3.799542345047153447e+01 3.400732625497249728e+01
2.932848668370886713e+01 2.972250835927513180e+01 2.169337959921028869e+01
1.902233515549000487e+01 2.910530677291188084e+01 3.352805922700667196e+01
3.017679165902788796e+01 2.967545649193826662e+01 4.123586054084819352e+01
4.420947885639824193e+01 1.315727347452544649e+01 2.351591223290833454e+01
2.705608186872473198e+01 2.631050291362598870e+01 4.198561158348779543e+01
4.795191671515958376e+01 3.380381212749669828e+01 3.246013321775523508e+01
4.007909796506041289e+01 1.835999129101929839e+01 2.119613766287620393e+01
3.824500826622848138e+01 1.566340488535371378e+01 3.967904282213801537e+01
3.177765055081525603e+01 3.720914264204543542e+01 2.720783931284177015e+01
3.926526761360342732e+01 3.505900590379440729e+01 2.974198674600326342e+01
2.602730944911991173e+01 1.468474621695757065e+01 2.927367926683259114e+01
3.254448037633814295e+01 3.481861546537933805e+01 2.455360001148537918e+01
3.630643905490509837e+01 2.089820133741219976e+01 2.057418873093768852e+01
2.250828658745612287e+01 3.303449127172291355e+01 3.668296386538546727e+01
2.229304783524471034e+01 1.712759016367700227e+01 4.017476484150838445e+01
2.680242519544163926e+01 4.370722482567935430e+01 3.072856840201428241e+01
4.293910013216723343e+01 3.112732704789383575e+01 3.903394274521711083e+01
1.991211699766646248e+01 4.968556126487339242e+01 2.534878141854626321e+01
2.582004498079056987e+01 4.312813200327959606e+01 3.564903618174318467e+01
3.297476754250386932e+01 1.832533778823160731e+01 4.210302943240347417e+01
2.444001170218155039e+01 4.747582321905376546e+01 3.031794934551034970e+01
1.293181976810951284e+01 3.037912109450319065e+01 3.013781084174805258e+01
5.179289942667024604e+01 3.021767957808133787e+01 2.854336772731795335e+01
5.250263262305699641e+01 1.350867155291788357e+01 2.593118928525679934e+01
2.452277041371392485e+01 9.645087541404485876e+00 2.186607243510857046e+01
4.801071271940075746e+01 6.996024046886625491e+00 3.801833746736771502e+01
1.570041926792991838e+01 3.278706510762167881e+01 3.900315785828859561e+01
3.449365908905365785e+01 1.579271769860122632e+01 2.405166854549388233e+01
5.121211648970701447e+01 2.756764000090181455e+01 3.811348372559379527e+01
2.599773561070528771e+01 1.199191618406587523e+01 2.901001073822358833e+01
2.929120477678776524e+01 2.185301108012912863e+01 2.030644708824166145e+01
1.946727308073728580e+01 3.419917344987746333e+01 2.484518172708948924e+01
4.644350557096237964e+01 7.817662903993285894e+00 3.894817595030623636e+01
2.171812463547063032e+01 2.269858957239927122e+01 2.433281595034667077e+01
3.527445362041316201e+01 1.712073785654794378e+01 2.181964455062867358e+01
1.119838289915034935e+01 3.888980572737143859e+01 4.060781493397609410e+01
4.607804370928543136e+01 1.285472238209054652e+01 4.104576848518714627e+01
1.126445019956353022e+01 4.730193727412059701e+01 2.860322305994708358e+01
2.228319805674706799e+01 3.617568386280320425e+01 3.810425545493829702e+01
3.107361936037066386e+01 2.521323242254728569e+01 2.027700517940816738e+01
2.123553396793622738e+01 2.870020153314231237e+01 2.638358698751957832e+01
2.593530969021441379e+01 2.622632066399091855e+01 2.130207829963368482e+01
3.468119626344103779e+01 3.623252819698242888e+01 2.671710447653179799e+01
4.602631780918921578e+01 1.803298500166503615e+01 2.147260419100027917e+01
1.081257198758918570e+01 3.821994175903918745e+01 2.213323880681263489e+01
5.131883806825597816e+01 1.460482859202767969e+01 2.920374030504933671e+01
3.752291591290389761e+01 3.536036389712138828e+01 2.787609279793914752e+01
3.052794924292627243e+01 1.001352083825560513e+01 2.300403860377398857e+01
2.888714342651994826e+01 1.224603514964086237e+01 4.207593660249239775e+01
2.977705169412571351e+01 1.206259446407982239e+01 2.799782993196424741e+01
5.134414987479699732e+01 3.090368147966451318e+01 3.419516904646565081e+01
2.092617493830478992e+01 2.268778085852069637e+01 3.697123594934716806e+01
2.687151095410770196e+01 4.180781827726503508e+01 2.824329761148744922e+01
1.480783638941962010e+01 3.106526863842203312e+01 3.679382651662453441e+01
6.549311647816872473e+00 3.521546952600073155e+01 3.077519134654080801e+01
2.361195429928897482e+01 4.640860303952834442e+01 3.503146032005174959e+01
4.396942973755496098e+01 1.250455955312341949e+01 2.419345578627847004e+01
1.359519925497723847e+01 3.067215236442593707e+01 2.763749530158899148e+01
2.850369356659323117e+01 1.138198418014568070e+01 2.862362330113583653e+01
4.241485226908120865e+01 2.968535016351570022e+01 4.009380890923529961e+01
1.421766716425748811e+01 3.992500230012382190e+01 2.235622731483953629e+01
2.402910298828146907e+01 4.535294242700321377e+01 2.698243134379332986e+01
2.253208675641117509e+01 4.580979876064151313e+01 2.533935595599724522e+01
1.655494848899160942e+01 5.160406648835565591e+01 3.395994263978526817e+01
5.033271454821876034e+01 8.189366380262523393e+00 3.904750042258144305e+01
4.011106306219213025e+01 3.097375385380722435e+01 2.355761048240674782e+01
4.339714818668716845e+01 1.391413824475110772e+01 3.099502352312679676e+01
3.251837826482594096e+01 3.702134600285704380e+01 3.519864895621505241e+01
3.348375038412913796e+01 1.533279238416304580e+01 3.829320988249962454e+01
4.729666468377698862e+01 8.479854390089297311e+00 2.863647167849264008e+01
3.322698207917910196e+01 1.583847019573095949e+01 3.984184581674758618e+01
1.023013457495666145e+01 3.117276853653842750e+01 3.053673420705049679e+01
2.070596200406153642e+01 4.164092765393923656e+01 3.965396423424394357e+01
4.877906045993147188e+01 1.997566917998780056e+01 2.180991306091791415e+01
8.564544112936165021e+00 4.102862357755632416e+01 2.819934391691663222e+01
2.429283593479886605e+01 3.788681627228822890e+01 3.763550374797327436e+01
2.795487958990277733e+01 1.975390812992989709e+01 2.023990294455878924e+01
5.187470877596817331e+01 2.680827016669461216e+01 2.511901155945416164e+01
3.362770572802121194e+01 1.422582610720952800e+01 2.832795780408102360e+01
2.291975029171850053e+01 1.426280566966097041e+01 2.174711515362476888e+01
4.870082506433837466e+01 1.100278802959385160e+01 2.193858360210973402e+01
2.036908940073909235e+01 4.606241254370991101e+01 1.899558481369032492e+01
1.796311055443756288e+01 4.133496728874364123e+01 4.015473845432698141e+01
6.509314405518027868e+00 3.732908657485508286e+01 2.796864003827679923e+01
3.110858113296001193e+01 1.669078527695056380e+01 2.134061397750989286e+01
2.387063567562355004e+01 1.773329425248831726e+01 3.256248048651213622e+01
2.537934515473983055e+01 3.946274957610841483e+01 2.573876325481219496e+01
3.001972195945658939e+01 3.757896883928542309e+01 3.185836950558531910e+01
3.991102115931826688e+01 1.302507373707621952e+01 2.901192616223919174e+01
4.247870421915339989e+01 1.420811765605560240e+01 3.602841777509985377e+01
4.753394565285188378e+01 7.060428361049791768e+00 3.784554756488641658e+01
2.227433283081764159e+01 3.068038016585118655e+01 2.615036357634737740e+01
2.312332778915317277e+01 3.806926436814823234e+01 2.452613440342804552e+01
3.614879910949946407e+01 1.828566877429846116e+01 2.089398172160306544e+01
6.955100347861082888e+00 3.808547393646584567e+01 2.563082325382997340e+01
1.950281547648795666e+01 2.717379634115086517e+01 3.424551209573229471e+01
2.420106982238170445e+01 4.561821224375340478e+01 3.528501297330159048e+01
4.445602799989755027e+01 1.968013196727268976e+01 2.132274360372142397e+01
2.845572357747272108e+01 2.489992278097815159e+01 2.047809525334003311e+01
1.623402412360748670e+01 3.090460910002263262e+01 2.892612524760427561e+01
2.900275278089596043e+01 8.164765016558456878e+00 2.702741397926459399e+01
1.856693503140800416e+01 4.192624094657416833e+01 2.304011922441160820e+01
1.728081083729234990e+01 3.076217272450423934e+01 3.070684869431578434e+01
3.121016562916779336e+01 1.875426256842163042e+01 4.246428006004838807e+01
2.143065451533779253e+01 4.773236162479807376e+01 3.656338452411684159e+01
1.818276037684633550e+01 3.250473942946811690e+01 3.717756961568801444e+01
2.760233445907315186e+01 9.504835295738137901e+00 2.855092486802578122e+01
2.950795565449348601e+01 1.314653921389085234e+01 4.192567384655210816e+01
4.110230570685251905e+01 1.389821756333025604e+01 3.565369530748586868e+01
5.172380765348967202e+01 2.098164833871617674e+01 2.434524706011614370e+01
3.381086357952530363e+01 1.673030118011068623e+01 2.237845550885566581e+01
2.225701489374333875e+01 3.391035760260515985e+01 3.692920698981858862e+01
1.252555674248922557e+01 3.050645147679231428e+01 3.483970078723616126e+01
2.628765212964118092e+01 3.959147224121788611e+01 3.631302881683473061e+01
3.456530450517387010e+01 2.132929449806040978e+01 2.039725287918348329e+01
1.828001055031971589e+01 3.598319238443127688e+01 4.009022767175229518e+01
4.467267226725904550e+01 9.460133645835641758e+00 3.566218041982665454e+01
4.017381421379270279e+01 1.314284055507473958e+01 2.896466532504685887e+01
4.765908743159048555e+01 3.379075535815069031e+01 3.339257757008090266e+01
2.020280099982979038e+01 2.606115623155421801e+01 3.575724155075897670e+01
1.988759369586029990e+01 5.011669528211583469e+01 3.620304434141569061e+01
2.147703668647906028e+01 2.966843146441210877e+01 2.650486438077781770e+01
1.533933604958054531e+01 3.054547078919074465e+01 3.083219791629912976e+01
2.220146124848690761e+01 5.006035397368768258e+01 3.149932927126440063e+01
2.210640913763768722e+01 1.354503461958145749e+01 2.327429925952997536e+01
4.973863354810784188e+01 2.565965379385932721e+01 4.017920798643714875e+01
2.217044020995327003e+01 2.611541129424948693e+01 3.892104838137717593e+01
4.025179373574031416e+01 2.959835270332776247e+01 2.257597941602494984e+01
2.462927935570748161e+01 7.959680095603154371e+00 3.963095601175856331e+01
5.273587461585629654e+01 1.997034192901553595e+01 2.986536994196410078e+01
9.844412892232799805e+00 3.240790991107525088e+01 3.852665711560983652e+01
3.648622063123835346e+01 3.494522359041789628e+01 3.652846412088626948e+01
2.118016883278746931e+01 4.512899089468421465e+01 4.260789042822305817e+01
4.987189011889725521e+01 1.864761574760415641e+01 2.200094485661141874e+01
1.443894083780574888e+01 4.828969905948667929e+01 2.460113342836681838e+01
1.155430401360031212e+01 4.816873133361481507e+01 3.254789381958460126e+01
8.922495537296988743e+00 4.036290970489811514e+01 2.487156836826740403e+01
1.845258498948144421e+01 3.032611486378259258e+01 3.294988446757380984e+01
3.843665261318896853e+01 1.587757055242142812e+01 2.359964627371918411e+01
4.805662624682688033e+01 1.568045645945101896e+01 3.272496835811234916e+01
1.834176330866306159e+01 5.155064827560277507e+01 3.314494806750208511e+01
1.286718055809872396e+01 3.105417202685207911e+01 2.634032944522002140e+01
4.024818748238183019e+01 2.898163618056253910e+01 4.067103737315201784e+01
2.507422359403097900e+01 2.550878807139194748e+01 4.144849004292007066e+01
3.149478257120021141e+01 1.683131278785715068e+01 4.173628010257141341e+01
2.644322797529928692e+01 7.530290156890204756e+00 2.697834680121911788e+01
3.275746686678419195e+01 3.475385186357264899e+01 2.450847929697965810e+01
2.526688856896004864e+01 7.946976667299247232e+00 2.332461611201554774e+01
1.744740440183369756e+01 3.889866181508672582e+01 2.239476092805601581e+01
2.192434589858089922e+01 2.038681186363142572e+01 2.460210630269785170e+01
2.237962130302949504e+01 2.020336258831870069e+01 2.297820175727524727e+01
1.962921803725719982e+01 5.146679902442163979e+01 2.829808961410068235e+01
3.710105958453466712e+01 2.624861223287406986e+01 2.081847453485164223e+01
2.874113881513910229e+01 1.292844221169346497e+01 4.222186333713860762e+01
3.377589717445968631e+01 1.522109798335143616e+01 2.514037343857190976e+01
5.183852839251789391e+01 1.197660139433333626e+01 3.470625264730475834e+01
2.207980249876445100e+01 1.801726234004192406e+01 2.545758924683975266e+01
1.816011027548031009e+01 5.200932213696221140e+01 3.816965440609799032e+01
1.992285587180787587e+01 3.361856681405063085e+01 2.564157026061220179e+01
2.977398060728370410e+01 3.718744398705485565e+01 2.716407457739866516e+01
4.146530665161176898e+01 1.345304068863706171e+01 2.920561215515368403e+01
5.059543740375867316e+01 1.877558462775997228e+01 2.251141155685765938e+01
2.275764215194347884e+01 3.536168716288229064e+01 2.570529791144065257e+01
1.879392276645905113e+01 3.040789692171967573e+01 2.897544474187786534e+01
4.977016781097310627e+01 7.386569204584037429e+00 2.637267658720695351e+01
1.245691597056539557e+01 4.972061927808309889e+01 3.295212606627168839e+01
2.876734548111531709e+01 1.843291179728664630e+01 2.027933079065389066e+01
3.241662713396111428e+01 1.465137335927667550e+01 3.459197302922745365e+01
1.639801659942401457e+01 3.115963464342360112e+01 2.793578558566302661e+01
2.308977810643919781e+01 4.419336412796905478e+01 2.503586730750409473e+01
2.116665898193112128e+01 4.232225656137511294e+01 2.356616296803964872e+01
3.146461667822787334e+01 1.498854858652905619e+01 2.827940645366635408e+01
3.308947785262058261e+01 2.421180761013695104e+01 4.273847717815677072e+01
2.668152880613401123e+01 3.412698254541466270e+01 2.493589443225447155e+01
2.311558997577332519e+01 9.883938789048999141e+00 2.298363717446991217e+01
6.943571099755372344e+00 3.450620189946521776e+01 3.516734314554697249e+01
5.247876829608792804e+01 1.311372715627903673e+01 3.667364059952697630e+01
1.635105254088045967e+01 5.221971834278834024e+01 2.537103842564516043e+01
2.617306383350321042e+01 1.102017253245998418e+01 4.234322345270365417e+01
4.197344897483400672e+01 2.032145391170007542e+01 2.115180699971379852e+01
2.563880285675000081e+01 2.200887751327219632e+01 4.224406737194501460e+01
1.718394699137770232e+01 4.929180499739714350e+01 4.073829328826814589e+01
1.200587502439473297e+01 4.803983198876701977e+01 3.605777799790793381e+01
2.493406174949414122e+01 1.210089100362151804e+01 3.422655034718502520e+01
3.057070397642051773e+01 1.370645807954347717e+01 2.743728539456547466e+01
2.655894119916845497e+01 2.576530929802742165e+01 4.194328592536962930e+01
3.983659720000809301e+01 2.585091230215153502e+01 4.200529729409544899e+01
5.353583694909383439e+01 2.818209579414410726e+01 3.341166340633073872e+01
1.576150000487073655e+01 5.098737274939477970e+01 3.677330807994570705e+01
4.132185636163504938e+01 3.165673716208311106e+01 2.422438879997842776e+01
6.559645572986656958e+00 3.550077206428588283e+01 2.884394825648338667e+01
2.391841498230203911e+01 1.507887156848260624e+01 2.083593087554803702e+01
4.995034293757475297e+01 8.342093803263901819e+00 3.452983407212187927e+01
1.835286670253043440e+01 4.069095702065117592e+01 4.023674954329446507e+01
4.455148039180092923e+01 1.402491424220938043e+01 4.026973694051443431e+01
4.660834879398175445e+01 8.394319256432723364e+00 2.363957901246734750e+01
2.970705106352781755e+01 3.748459680064221544e+01 2.898719403753844404e+01
2.406625449114527271e+01 3.214541369855346176e+01 2.542939077397739567e+01
1.683707821806438432e+01 5.436224889849944475e+01 2.733784353383686749e+01
2.692405760199799403e+01 1.551232177331374729e+01 3.192433642755129597e+01
4.489964971369084878e+01 1.128673104135448568e+01 2.321210665766946590e+01
1.252947845600594157e+01 4.995680250220244289e+01 3.046760019708084855e+01
3.136514652548558502e+01 1.481861796037325973e+01 4.101542192867438530e+01
3.738336431325554088e+01 1.308935296128717596e+01 2.825255918141430200e+01
3.297184482070301925e+01 1.423163688414579653e+01 2.928402832437119585e+01
2.451288917567861603e+01 7.893388912732001828e+00 2.554960565435609965e+01
2.143815029363776148e+01 4.783198477918996616e+01 2.479472818007259960e+01
3.123806825231206474e+01 3.720104274951888357e+01 2.744315473940735117e+01
2.269187271507827575e+01 9.664827412228358838e+00 3.874993042786550035e+01
3.477702662710715487e+01 1.340902670812900332e+01 2.953329786087851971e+01
5.137877221842003905e+01 1.406039033716432129e+01 3.390534449269143380e+01
7.583616425811973372e+00 3.337674358207851810e+01 2.914896818556574232e+01
4.820781043868186799e+01 1.207828326026265664e+01 3.311158707783999944e+01
5.246705372283102520e+01 1.331158017493380719e+01 2.678520826107261854e+01
1.482652386440055636e+01 5.079892912040554620e+01 3.514824833386133918e+01
4.833048411838481684e+01 3.362733182010823896e+01 3.040389325863685244e+01
4.930496082253804957e+01 1.080065844940918041e+01 2.969949847456706848e+01
