4.865171919965690961e+01 7.007015737368842423e+00 3.786497469321745513e+01
2.187847933024645997e+01 1.980383044315946606e+01 2.794693857273881221e+01
2.634656881731072531e+01 1.577527795705722014e+01 3.314933165774109369e+01
3.481106789567003545e+01 2.754338820892548512e+01 4.193679991966570242e+01
5.085240923766322396e+01 9.592115398728132902e+00 2.313744525048234024e+01
1.951253023383609531e+01 2.680922509882186944e+01 2.875222410107144810e+01
4.145476798554701503e+01 1.382408019012239819e+01 2.818666727330441901e+01
2.275268355785153673e+01 4.579187948325554913e+01 2.581832742171337003e+01
2.897133941187473027e+01 2.747728461980655368e+01 2.079152083141443796e+01
4.284751742024520382e+01 2.945041778889179440e+01 2.252512638412467894e+01
2.985723287821865668e+01 2.986148796660653915e+01 2.170643121651989560e+01
3.379773968053309829e+01 1.493303365528334226e+01 2.640234167956209177e+01
5.286951570992712846e+01 2.837960713491707310e+01 2.825062499823043538e+01
2.229885674075635293e+01 4.604889829730565509e+01 2.481789655790402804e+01
4.492169649410762133e+01 3.060236600823090569e+01 3.930978454164323921e+01
4.593553657140228808e+01 1.309806340885316800e+01 4.101501214808639872e+01
3.759248358389788791e+01 1.630283769976887953e+01 2.273005592533214880e+01
4.815649706254581019e+01 2.712687084005563065e+01 4.054153103634106969e+01
6.789585271867489169e+00 3.812662042511101390e+01 3.554748141792820348e+01
4.606745702253319052e+01 1.876859725149767755e+01 4.157165460496644727e+01
2.506194756034879134e+01 2.915085210060138365e+01 4.010102691793440499e+01
5.102451911676958218e+01 1.366972813221449279e+01 2.938551877000287149e+01
8.049991867581212546e+00 3.847598705511270367e+01 2.402596763390964441e+01
3.642362525575685339e+01 2.056256980378360666e+01 2.060662150291387462e+01
4.533367487265634566e+01 7.535874731855310316e+00 3.716776673501735218e+01
9.224872751209215238e+00 3.176086926905799857e+01 3.079362520548605175e+01
6.994638606780876344e+00 3.898285480450826412e+01 3.046842440539084862e+01
3.386813493004503783e+01 1.900167894436835780e+01 2.072057767512586679e+01
1.656016637533033276e+01 5.286354564767730579e+01 2.808940668540287078e+01
4.256797749830438704e+01 2.328132827772945390e+01 2.104718879623162309e+01
4.385420536271440284e+01 1.288916606332216119e+01 2.437419671925685094e+01
3.787865891057731460e+01 1.537775194336734863e+01 3.902286079109455841e+01
2.059507636117709595e+01 4.909192678428703971e+01 2.130284241130415523e+01
1.823780060434078010e+01 3.121288009196059576e+01 3.485294138105186335e+01
5.311786923422970119e+01 2.108658918769308954e+01 3.355968499682457207e+01
4.502418711325970690e+01 3.147966868550360431e+01 2.432213916580445101e+01
4.937318493101311390e+01 9.217858899476835788e+00 4.037102894040842216e+01
3.208129623383535289e+01 1.513647514215725209e+01 4.001586953634107147e+01
3.015544565960482970e+01 8.072633206579599374e+00 3.846082463343448410e+01
2.536308209653298462e+01 2.709969939823801255e+01 4.115311655402966551e+01
2.471502145895627933e+01 1.436335725262192220e+01 2.052068865958716515e+01
3.730167245805639453e+01 3.556087891461279327e+01 3.437370949300185430e+01
3.268639023094316087e+01 2.508701065483833403e+01 4.266317666970007849e+01
2.738367219314280732e+01 3.641226630081118287e+01 3.630515206145179263e+01
3.581171909155651889e+01 2.388433829836808187e+01 4.259065664595257061e+01
8.146303067377358431e+00 3.342899425292969795e+01 3.808048630563640558e+01
3.830918388489448745e+01 2.881388121271845648e+01 2.194157075753275166e+01
2.336497167473685721e+01 4.257127228538975316e+01 3.837822009774411924e+01
3.318369761365217840e+01 3.606041129716619764e+01 2.583875662309583277e+01
1.659759828983896313e+01 4.143581639052084142e+01 4.020880878593364827e+01
3.375930933156416103e+01 1.556842737767147611e+01 2.463008151078540209e+01
2.981053499817772234e+01 3.260945855106820090e+01 3.977376050968602073e+01
4.362368378434417338e+01 1.555895827016405697e+01 4.047652819522399881e+01
2.856986904387911252e+01 9.041796059414245690e+00 2.212438039319655658e+01
2.428200525802154175e+01 3.871002624143972071e+01 2.503203334772012312e+01
4.895225336812639227e+01 2.811823569122835664e+01 2.315521082981936729e+01
1.442697869070939909e+01 3.550297596985726045e+01 4.095211799097533145e+01
7.700335735813315097e+00 3.308991308283528099e+01 3.424281972654111428e+01
5.304150087164155991e+01 2.460296455559808138e+01 3.606788581807414573e+01
5.175957621836709421e+01 1.913412144495333322e+01 3.893761672272131591e+01
1.826192642082535045e+01 4.958762184764852066e+01 1.964422066929778410e+01
5.391413292963246562e+01 2.376538569051165695e+01 3.233211652342632192e+01
3.554272872754587809e+01 1.296975960778640591e+01 3.313310206534437441e+01
1.606666772860658909e+01 4.838301154594898890e+01 2.146469369607936528e+01
3.419241391222847426e+01 2.439653548857194920e+01 2.031051086550656493e+01
2.274433546572641873e+01 9.522504090388395070e+00 3.832250346498760507e+01
5.047403033935573546e+01 8.246535993184274105e+00 2.780294202130878745e+01
3.363370004993098661e+01 2.447146292275815682e+01 4.272151241722900750e+01
8.745621617419352845e+00 3.895187532685628184e+01 2.367811735332575651e+01
2.213191107724286866e+01 1.354389709943107256e+01 3.776627067096834622e+01
4.289912843157039646e+01 2.162831233708466527e+01 2.115487505180340122e+01
1.729163069460400592e+01 3.522771721115172738e+01 2.294958097802767583e+01
1.365002668817480291e+01 5.091532004987141846e+01 3.099265341883697644e+01
1.219439450645885969e+01 4.925490804714634407e+01 2.925172415850834540e+01
5.069134399930676693e+01 1.574067012453392778e+01 4.073055148366225353e+01
1.235229324668965489e+01 4.730325401134530239e+01 3.769152959693809635e+01
2.328140015993376011e+01 3.500530679764786868e+01 3.714906552629900460e+01
2.306990829081961181e+01 9.098314923037614577e+00 2.462364486369333960e+01
3.144768825169582627e+01 1.300837066779334350e+01 2.312117420811637203e+01
3.038887468510245427e+01 9.152254335756243364e+00 3.629191857864548609e+01
2.638757182558281755e+01 3.905879838552277761e+01 2.726395178430910704e+01
5.303061453239687495e+01 2.320831190026910207e+01 3.576593048176687972e+01
4.132333509495502710e+01 1.426257621913689633e+01 2.721945281944481465e+01
1.826020514108887483e+01 4.986945709416066563e+01 2.353492044561454577e+01
2.996519239993012107e+01 3.661452291659361435e+01 2.592289788170220888e+01
2.889083196919087371e+01 2.745224883699494001e+01 4.214632936550424347e+01
6.579046030777156773e+00 3.671009459520325890e+01 2.710087076892449787e+01
5.201860002323959264e+01 2.490647153998623153e+01 3.792518299897682965e+01
3.713860216916057055e+01 1.672047727719733601e+01 4.123023090283195558e+01
1.841140108181681967e+01 5.486560378619128642e+01 2.569741447172377136e+01
3.226313007930220067e+01 3.744696817297501212e+01 3.092172063091751255e+01
4.124362218916998302e+01 1.578519583457030429e+01 3.985133507711874046e+01
1.104352267548748223e+01 3.089815662199337254e+01 2.908304806218548677e+01
4.958819270820139735e+01 2.957897395789298400e+01 2.455529540274645939e+01
1.802518231717470698e+01 3.865527579083603626e+01 2.248448180797221241e+01
4.013058135560416417e+01 2.194437623637368517e+01 2.088938667059574783e+01
4.864932278512360142e+01 3.259292627305359957e+01 3.551468388536089549e+01
2.293176271642533237e+01 4.621231953289677108e+01 2.676235065417226622e+01
8.038428364082621513e+00 3.527279468810742458e+01 3.950171144325431527e+01
4.049001800483318192e+01 2.436329320150405664e+01 2.087949648963348181e+01
1.412422318969310808e+01 5.022245790329403548e+01 3.602734217264061556e+01
3.268920048687926538e+01 3.330678342764613831e+01 2.366088406396854538e+01
1.145700593740934181e+01 4.783477442812129965e+01 2.965431268177236035e+01
2.444431809729574212e+01 1.444635044803844970e+01 3.431515097237097223e+01
3.610276838834255386e+01 2.402885054968275114e+01 4.251563938278664523e+01
3.888744282620510262e+01 2.648927377597919630e+01 4.192768706617944474e+01
3.866315371810873813e+01 3.466118470426593490e+01 2.753933410499685408e+01
2.767453409384290453e+01 3.245431748379495929e+01 3.937992728662793951e+01
1.503419239999490031e+01 5.122920291846655516e+01 2.804470964211962070e+01
4.520732384834300888e+01 1.157926442082061413e+01 4.045522605619805745e+01
3.070999127986123511e+01 3.232966519304000741e+01 3.991553141529054471e+01
1.070621242201933043e+01 3.099589184879199166e+01 2.998019506606139828e+01
4.699148453362600719e+01 1.153301851518995136e+01 4.115838006234965007e+01
2.801807170523852619e+01 3.688554130761209393e+01 2.720718665543339299e+01
2.314181415188630808e+01 3.756716504679715740e+01 2.478348291995834174e+01
2.255484539218569040e+01 1.537976060413672386e+01 2.677484357468960496e+01
4.349164064236168059e+01 3.000249240031683229e+01 3.983351842315781965e+01
1.746984046957382830e+01 5.493663693750231403e+01 2.706108645478061447e+01
2.517701843761844316e+01 3.772970615322580556e+01 2.623362902869833846e+01
3.906008039726322068e+01 1.921469328348818806e+01 2.099438577083611790e+01
2.198064005741359850e+01 4.567910263594333742e+01 2.283414904328836670e+01
5.128399606390831167e+01 1.887016829868419876e+01 3.977073748526596830e+01
1.771396492922915655e+01 3.290533715637785406e+01 2.515638585813476169e+01
1.956564936613954586e+01 5.133785823160039996e+01 2.698248239399373460e+01
4.160445833060932586e+01 2.166226411985407196e+01 4.197163161542223264e+01
4.082148574760081061e+01 3.296619014945890314e+01 2.553478716892806943e+01
1.883542706490271712e+01 2.837113987647784086e+01 3.296445898055677048e+01
2.662765278308623351e+01 3.772189763615497782e+01 3.514044428488111294e+01
2.105986190605682395e+01 2.751178830249032359e+01 3.681734490479908573e+01
1.480158986748205052e+01 3.369661021649922361e+01 2.312280935993577913e+01
2.622705955953432166e+01 1.594574491939086158e+01 2.018845087123983006e+01
1.388146934767436314e+01 3.168770087391635570e+01 3.851157634766691729e+01
4.402915797252629915e+01 1.168932263146819572e+01 3.618540530739490890e+01
9.450648910875749209e+00 4.273455215370159976e+01 3.318260807158092263e+01
8.131728844407675183e+00 3.261004168214545729e+01 3.445887390307737519e+01
3.205054644497873539e+01 1.935345317340927096e+01 2.061812153374435752e+01
4.828559088331698490e+01 1.550182042035798524e+01 4.159266189197235519e+01
1.784919775837749967e+01 3.581278356105802629e+01 2.290054053314821658e+01
2.509456319617965647e+01 1.162084189166946757e+01 2.076230026371349169e+01
4.985250467548094377e+01 2.283188722560566575e+01 4.024426222262471242e+01
3.421944550049011013e+01 3.627347617665073187e+01 2.664677479391209403e+01
2.292719131186004233e+01 1.730168617313138668e+01 4.146937446261661364e+01
5.011574452312089534e+01 3.028844159436159345e+01 2.568868026256360437e+01
5.484704349847644522e+01 2.570055973899629720e+01 3.160755038644312975e+01
2.649076714569999780e+01 3.629424432312826809e+01 3.613443910032238193e+01
4.984454131828837831e+01 1.216720319490882041e+01 2.191809661297750011e+01
4.849075463113315720e+01 2.892039165904303744e+01 2.334496877780232182e+01
1.857240342898933250e+01 4.997740471354592273e+01 2.130703860571851749e+01
9.430056410433307335e+00 4.276032619409665614e+01 3.057903254541217564e+01
3.976155509452797077e+01 1.802944025580069720e+01 4.172707091619343345e+01
4.937473873196476859e+01 2.916896657146807215e+01 2.402424386085007768e+01
7.828188187363550377e+00 3.967329592998605392e+01 3.596301025002305352e+01
2.891068320446690620e+01 3.764441947787340581e+01 3.019667930651161569e+01
1.636779956388217272e+01 4.605135471178277839e+01 4.183240576518457488e+01
3.141987437701840236e+01 1.128681118810236583e+01 2.521638900582333420e+01
2.644988941358067436e+01 2.755924779959045168e+01 4.140688764537868849e+01
2.809334268207803120e+01 1.093809482456545368e+01 2.876294687691606100e+01
2.664798322398366892e+01 7.885330824439476416e+00 4.048920087926299516e+01
3.772648628021721606e+01 3.062873682855050816e+01 2.301885375845885662e+01
2.124760380974811724e+01 5.024627669895853899e+01 2.970174905705445667e+01
5.007782639297964522e+01 3.009692113656799251e+01 2.542387209183490171e+01
4.882328477469281580e+01 1.730637454637216877e+01 4.145954149882053485e+01
1.965050186694345058e+01 4.155241470970508288e+01 2.313882451302623267e+01
1.171829519374237627e+01 3.076204918145667477e+01 3.511336779320780010e+01
2.775862886862238810e+01 2.890110671777008022e+01 2.157215307489489220e+01
3.196975115963353886e+01 1.477903735894729031e+01 3.985630803565617697e+01
3.680908437052826798e+01 3.599241402617540331e+01 2.937267870641838741e+01
2.745368301409269662e+01 4.162714765512518511e+01 3.199201243617688206e+01
3.439881469087218591e+01 2.938866753017151368e+01 4.120353504581004245e+01
4.349656950140154521e+01 2.724129154110816842e+01 2.161679279568945589e+01
4.529435015205092441e+01 3.094361279976410728e+01 2.382422487802655553e+01
2.350001285443843813e+01 3.601912701220553714e+01 2.581279305743981567e+01
1.043377991358075008e+01 3.163021344696643311e+01 2.618896423313502453e+01
2.730824505881190944e+01 2.775016527525599486e+01 2.127459684163338949e+01
2.223252009456729184e+01 4.539429946503921798e+01 3.875386885845746576e+01
3.137085843512802441e+01 1.050247276908886285e+01 3.778090982045529955e+01
4.643751160674648304e+01 2.206547330292283249e+01 2.149887805998438495e+01
3.203801413610450055e+01 3.736761841373897397e+01 2.885755608860065280e+01
5.030614228320659009e+01 9.122863674848044724e+00 3.988469283286243439e+01
1.106294311387351215e+01 4.157843492112101558e+01 2.359879141332985952e+01
6.432094564652397928e+00 3.745232976459834617e+01 2.930554715192715776e+01
2.598690675613238810e+01 2.461040563592096575e+01 4.192744372262809804e+01
2.353829395847841965e+01 2.187426940682418319e+01 4.124316071942730133e+01
4.659363202044273322e+01 1.986815400612058724e+01 2.146109257962484662e+01
2.319612269527766912e+01 2.898755534670990386e+01 3.880425281338084176e+01
2.703084980529516201e+01 4.020850920491434977e+01 3.457442858863409185e+01
4.788135816396435729e+01 3.364549776889917609e+01 3.420778031455256496e+01
3.142115841705123458e+01 3.430468400668794970e+01 3.879427760312573525e+01
4.701287939264678073e+01 3.427963195811844344e+01 3.166139718981189333e+01
5.114850487107790400e+01 2.889262653176011852e+01 3.721143750261221328e+01
7.698036276536684319e+00 3.309530222197039961e+01 3.050161969201717937e+01
2.662039355185347844e+01 2.144193113069675150e+01 2.046212415640077609e+01
2.680784569750159108e+01 2.007048352707905181e+01 2.030716126302737479e+01
2.743230287081282270e+01 3.391297637586681901e+01 2.442589722524806461e+01
2.632385671044962905e+01 3.643256926474083457e+01 3.608340929573591893e+01
7.240592719130837907e+00 3.919095577808985809e+01 3.428386952996271475e+01
5.195399382125771126e+01 2.793034485911534404e+01 3.686338696501745460e+01
2.321469576755480091e+01 1.155281865961996246e+01 2.183842438715289092e+01
4.205458547890861354e+01 3.465085113466207645e+01 3.298649734316803261e+01
3.228010845367737858e+01 3.140706257259093448e+01 2.258503931458458425e+01
5.000453295167085344e+01 3.000839780860140138e+01 3.748812198451481947e+01
4.829775179527982232e+01 2.428275886324249910e+01 4.100164322128800620e+01
6.472852000767263192e+00 3.572736336017249670e+01 3.393809982062558817e+01
2.723978080176672023e+01 4.227866869474023304e+01 3.297711716161376216e+01
2.445391143872899420e+01 4.688033613323405291e+01 2.944178778533587248e+01
2.393398163061026906e+01 4.485871331310789145e+01 3.650709145365060238e+01
3.325455617974334643e+01 2.233867911433253539e+01 2.024431850532793220e+01
2.366585931263118425e+01 1.579466990462374909e+01 2.831377674672770439e+01
2.483347430998368210e+01 4.155220244028756582e+01 2.517600354465926316e+01
4.033282195706987494e+01 1.282520778789806926e+01 3.041349804986878880e+01
7.027031619113786043e+00 3.742360485677841098e+01 3.797204132395589227e+01
4.247587308820487095e+01 1.869829952509029170e+01 2.138486305751067107e+01
5.351651944547118944e+01 2.313321388293562464e+01 2.912483211404658690e+01
5.168605728434943813e+01 3.110073168072480954e+01 3.220484402513988442e+01
4.503125415003254517e+01 3.229474198879442781e+01 2.521208337172434710e+01
2.082067010577763710e+01 4.874545832260147904e+01 2.441822351066373997e+01
2.316390253937412069e+01 3.882845422135603997e+01 2.426012073726595730e+01
5.376948656229553336e+01 2.503439315224688499e+01 2.891151799818738510e+01
1.757783223735580336e+01 4.560416762554409331e+01 2.070368106842455802e+01
4.392343188820268551e+01 1.115341809924091265e+01 2.536279389692094810e+01
5.196374105298271218e+01 1.603526851301445078e+01 2.864184368700468042e+01
5.099529725861003726e+01 2.997251112107208115e+01 3.629137300842520375e+01
4.300557054173931704e+01 3.480024011425967245e+01 3.095591506807592808e+01
4.115715733770622364e+01 1.721495416660855327e+01 4.118998681515517291e+01
2.425514970618206689e+01 7.860586828166559847e+00 3.733120962317065050e+01
7.922623707837230356e+00 3.289368119057834861e+01 3.449681117828851029e+01
2.731291723268262217e+01 1.370612664911457301e+01 3.396234516379621482e+01
2.302314497860944087e+01 2.418529048005628113e+01 2.264833901304437447e+01
1.415496094854380260e+01 4.459208933725191315e+01 2.363038366657912803e+01
5.288546439076632311e+01 2.477215630395628310e+01 2.658899019017431797e+01
2.840315940318072663e+01 9.521529205820760566e+00 4.156033557687160851e+01
7.142357944233943989e+00 3.426108120297766391e+01 3.591437807647173486e+01
4.367946365563818745e+01 1.415456764812122969e+01 3.017068294190611866e+01
2.254618099735791148e+01 1.756910350636028895e+01 3.589515051869535966e+01
1.890393034646482562e+01 4.420065437159962585e+01 4.117693663320250863e+01
2.305486867264382056e+01 2.082806175898714685e+01 2.197545629784047705e+01
7.968342361084895131e+00 3.277798006473673809e+01 3.039608618989559119e+01
5.232423756290430106e+01 2.974334516792885097e+01 2.913613205951722307e+01
2.513329510496243202e+01 4.660589904582042209e+01 3.005751783045209891e+01
3.413465098133623599e+01 2.957006493129613744e+01 4.106355794886269450e+01
3.955938041158136542e+01 3.496653265212106021e+01 3.291447947910030791e+01
3.868733282200000190e+01 1.263292381960110866e+01 3.007726382846202995e+01
2.023031878313787857e+01 3.186633358675718597e+01 3.608713545675587397e+01
2.344546872022688433e+01 1.698058873033482996e+01 4.182114477586763712e+01
2.228780716672971351e+01 3.947218340014462257e+01 3.942413171265427252e+01
2.401742586506782828e+01 2.212087738994300778e+01 4.155740583215283124e+01
3.308275764376347183e+01 1.555370223121429873e+01 2.467180225543315686e+01
2.142096966448913520e+01 4.756687820221460328e+01 4.069697678727062140e+01
1.717884596442811329e+01 3.907365550208709237e+01 2.236310089319215422e+01
5.033000748665585888e+01 3.206257295118476236e+01 2.872977646908921656e+01
7.696872073210888843e+00 3.997901898233555329e+01 3.006204209902591984e+01
2.035842781543949442e+01 4.742071995514692162e+01 1.847338045248254090e+01
5.137471439242480642e+01 3.114479980716835072e+01 2.920052260169673630e+01
5.111158835614285323e+01 1.787635639862522652e+01 3.173946379896948145e+01
6.624930784594453392e+00 3.497555358830715733e+01 3.326766618276401033e+01
2.258403321919254836e+01 1.076377862867891899e+01 3.964252140905631450e+01
2.611569451336670866e+01 2.541181925599655145e+01 4.185879128738530142e+01
4.206424158130039359e+01 1.347964412599113082e+01 2.999404444228601108e+01
1.249292732883837509e+01 3.494899597434531557e+01 4.109529927333406363e+01
4.927458469966126131e+01 2.132554459946410930e+01 4.067572409415218004e+01
2.213534898289770680e+01 3.249681778079386874e+01 2.646534815545545172e+01
5.304472491489804753e+01 2.067810656138166081e+01 3.237046575296153605e+01
4.211474655984496707e+01 2.815151966034995468e+01 4.104362222490563994e+01
1.946810771305140975e+01 2.338863711291570269e+01 2.978777355378998948e+01
2.269722241900134563e+01 1.291585938775989817e+01 2.672781821286399051e+01
2.275248009881852340e+01 1.396162450620512452e+01 2.708222960230927612e+01
3.548014199221961462e+01 2.587123417467379838e+01 2.057556688820911006e+01
8.689123147115926926e+00 4.115431480455497848e+01 3.445921422647340648e+01
2.904260515734282677e+01 2.522276164110659735e+01 2.039735504968001933e+01
3.837406203590980169e+01 3.150490469802726068e+01 3.901457460032569458e+01
5.211834852010554187e+01 2.729175513322312696e+01 2.579608940326536271e+01
4.454195575486750158e+01 2.963749135314845518e+01 2.280867279861077890e+01
9.856526626716902939e+00 4.389846796782448735e+01 3.217984161055976244e+01
1.103304608561843736e+01 4.574367323560801424e+01 2.627081411481332651e+01
2.428694478376382904e+01 3.304662243119334164e+01 2.572781215555600198e+01
1.426911625444064313e+01 3.086249884521934916e+01 3.639054120635740475e+01
2.790901653653814662e+01 2.288429770337735292e+01 2.044995059573535556e+01
2.717789857546790699e+01 3.539660664206993346e+01 2.577018120775981558e+01
5.304597467371259256e+01 2.909447338892759660e+01 3.266477812285069149e+01
6.359948849830561635e+00 3.633560094881197955e+01 2.951270117561558948e+01
2.611101903063492102e+01 3.878249537523805657e+01 2.692207784500296697e+01
1.982055940173737696e+01 4.406298598217823326e+01 2.226147924766502939e+01
4.505568414602794292e+01 1.266399004937943928e+01 2.240418950572720291e+01
4.427989036665976386e+01 1.709394876052447643e+01 2.187386435395431050e+01
5.190857300291023790e+01 2.683741269977096522e+01 2.524830910113677618e+01
4.604742488695861624e+01 3.459992214031133528e+01 3.156970312163084458e+01
3.314787428879402853e+01 3.503385126172484831e+01 2.482437117623663170e+01
5.020119400520336228e+01 1.366211497458117030e+01 2.974864653843076212e+01
2.013904061207036378e+01 2.212082766741069406e+01 3.368443859122459116e+01
1.857008013832637516e+01 4.992023696613792083e+01 2.076929337734426184e+01
4.118478538496906083e+01 1.300274980686404191e+01 3.162084097210389899e+01
2.167036330696507918e+01 4.537919850529797827e+01 4.187641644020739307e+01
2.586199472772108265e+01 3.674380331210743122e+01 2.661159879414444518e+01
1.909318075040139817e+01 3.765899351026241959e+01 2.280202184124947706e+01
4.805805874035932135e+01 1.353730739330237753e+01 3.005988777130203715e+01
4.957298354198699997e+01 1.892447245594571115e+01 2.183484699580071009e+01
2.760426133481135125e+01 8.346981515952217379e+00 2.800686275821896487e+01
3.298921427483548996e+01 3.149515320679948971e+01 4.014667166873968540e+01
1.822138119073996876e+01 4.572611736729118093e+01 1.993734971911949216e+01
4.405024528390705996e+01 2.195495639448884972e+01 4.181380403191249684e+01
3.199102805614515432e+01 3.730450852713670429e+01 2.826887723032160338e+01
4.851665299081688687e+01 2.171594163571835168e+01 2.201866736928259272e+01
5.298390036058222563e+01 2.052622676341358243e+01 3.167308478862330290e+01
1.429096374927452651e+01 3.520567986351509404e+01 4.092181324425671107e+01
2.748695472235072756e+01 2.282979103202881177e+01 2.049072234070394671e+01
4.598893581247047990e+01 1.768942674299916717e+01 2.149800429706070304e+01
3.941591525660770401e+01 3.492312830519592382e+01 3.345566933932765608e+01
5.119944782940478234e+01 1.014640964015955760e+01 2.859661296779970741e+01
2.938933955313160595e+01 2.413964600641298475e+01 2.029907851528571427e+01
1.036766926265913114e+01 3.576098874058978083e+01 4.102029339786416529e+01
5.322707207039280775e+01 2.421677681489676104e+01 2.757316707801511058e+01
3.099504524505620040e+01 1.274729804269579070e+01 2.686466821548222583e+01
4.405538855539207077e+01 3.476207967624001327e+01 3.047869313344805775e+01
1.148154287160203069e+01 3.696029546393994281e+01 2.188277318619607570e+01
3.457364378289360474e+01 2.626339177394923041e+01 4.235890105386314985e+01
5.262477028945100699e+01 2.166751059720404626e+01 3.661128342465033114e+01
2.540140798146481416e+01 4.583510688322780169e+01 2.963401657017307755e+01
9.497205408776206781e+00 4.251172574688850148e+01 3.500343719083365102e+01
2.054828088979225953e+01 2.617963251179181583e+01 3.632126717197040477e+01
4.246284874229363737e+01 1.771421373368203689e+01 2.180114568812550502e+01
4.608140849967555397e+01 3.455739527857732440e+01 3.110333177494365131e+01
4.687381544358033381e+01 3.046450786599377381e+01 3.900813126478994519e+01
2.099099276744645337e+01 4.870694872011329579e+01 2.153780396314871481e+01
5.193156606936113917e+01 2.199039474828775553e+01 2.457696553226167424e+01
5.217849745330791222e+01 1.003934961807426163e+01 2.665270636206869170e+01
4.897218176279557866e+01 3.214591218155647567e+01 3.587989654717483745e+01
5.212783960241360148e+01 1.439948142453928881e+01 3.895574459395150058e+01
2.700734989549949105e+01 8.244577868116232722e+00 4.116174088595977310e+01
2.338548482730644906e+01 2.051804655306086644e+01 4.130288178242653885e+01
2.281240860320250263e+01 3.652416029994317626e+01 3.796645980680036558e+01
2.240054389797669643e+01 4.582239286577472370e+01 3.772703076177351988e+01
1.083413829424054242e+01 3.093150697084855949e+01 3.046302935712017756e+01
3.708559505461879269e+01 3.580548468430077236e+01 2.846336570158919699e+01
2.277819824205415955e+01 3.749409642175454849e+01 2.458284817154320478e+01
4.524759139745766134e+01 2.690859630959035442e+01 4.128529058881804303e+01
4.171214046727881453e+01 1.950261474481618507e+01 4.182100711122215841e+01
2.153732540236242698e+01 4.703989564413990365e+01 1.947216291618966721e+01
1.430514146575158385e+01 4.505186169487227232e+01 3.937103732630526309e+01
2.239637239349056941e+01 1.174744231677092898e+01 3.959784615490795545e+01
1.144370076104543799e+01 4.652694811655726426e+01 2.607130726422859368e+01
5.203751770481896699e+01 1.646335553639392657e+01 2.826318823918849432e+01
4.947982295851338108e+01 7.453481712367475254e+00 2.458843607332622128e+01
2.258989810759292993e+01 2.068262567626849702e+01 2.243051492949415149e+01
1.080598793320052309e+01 3.340704483610036135e+01 4.020935862586068765e+01
1.980323154289021303e+01 3.024044306943801530e+01 2.816288850110140629e+01
4.072670708528502104e+01 1.707336433230229389e+01 2.205741984514970611e+01
3.808248793279570776e+01 2.089349310796711023e+01 4.229245436683024906e+01
4.474689583519536740e+01 8.800622206541731884e+00 3.605940404765188845e+01
3.826714396439142263e+01 1.726769621841210878e+01 4.148186045716762749e+01
2.222078847681739688e+01 1.364953789480890833e+01 3.737290653674277507e+01
3.653172306831001492e+01 2.902378743685157758e+01 2.186497923930190623e+01
1.960530464207464618e+01 4.557319427574870474e+01 4.393345489945986060e+01
2.948175487988344656e+01 1.501205314470648489e+01 3.018499091654263822e+01
2.363073240938669883e+01 2.889787768560101711e+01 2.368438511044288219e+01
5.061596702868169473e+01 3.124300023374168234e+01 3.521898176337643349e+01
4.506513667467854134e+01 8.762531847714274846e+00 2.462175296897684973e+01
2.889085523742200223e+01 3.746575536804868989e+01 3.396404097207063444e+01
3.310869382835210928e+01 2.110231448313339442e+01 2.036669911580191084e+01
1.326195920706434705e+01 4.942711561906047280e+01 3.624648729350577980e+01
1.402966956169159118e+01 5.077605381065890811e+01 2.829807000258881544e+01
2.566301455525833930e+01 3.701186434661347846e+01 3.611075169631386927e+01
2.314400578139508369e+01 1.006253766965302532e+01 3.636125040310842138e+01
5.075055303257595085e+01 1.185767324713616411e+01 2.242349815673156854e+01
2.489307422379194534e+01 8.834584064000292614e+00 4.106097518678502922e+01
4.185936904061507846e+01 2.130375618864367127e+01 4.192638732180281380e+01
5.219104332273777658e+01 1.778517485161386702e+01 3.791653622511915955e+01
4.328030136727932842e+01 2.407238688764720891e+01 4.192430156759551352e+01
2.249554417345850865e+01 2.573033497986830653e+01 3.942100259803206797e+01
2.634974593497684481e+01 1.584564494944691937e+01 3.109141008711159770e+01
3.131980550465740265e+01 2.479945722474007397e+01 4.275866341597426867e+01
1.616791980825774999e+01 5.250599572996318898e+01 3.530766993169318368e+01
3.986774618306807838e+01 3.471872767997190579e+01 3.393260682193066202e+01
7.291571782857063866e+00 3.419590042686166242e+01 2.690152395674124364e+01
1.233141804067737191e+01 4.792258657054956927e+01 2.578938793930851503e+01
2.554704446930832162e+01 4.218170616235884296e+01 3.669907443920711643e+01
1.147712642881417366e+01 4.792737383851575572e+01 2.993618031121190981e+01
2.393346946811501752e+01 3.284953949372236792e+01 2.584010056630418006e+01
4.128401685072527982e+01 2.858536256590937796e+01 4.082903811697151752e+01
2.277388805706714692e+01 1.162761148776720077e+01 3.634184108195675833e+01
4.692421969402098370e+01 2.889939131206027767e+01 2.272889040385989645e+01
3.640411142061579142e+01 3.614942354610880670e+01 3.320200263404981911e+01
4.326819665977410523e+01 1.578229453740959620e+01 4.049053248972845864e+01
4.674783260750242420e+01 3.422767714370181125e+01 2.977911794859558370e+01
1.570935566306581777e+01 5.209975593699366669e+01 2.718565714689873403e+01
2.508038397860258328e+01 2.755706088095945461e+01 2.205199071944336708e+01
1.905484569805171091e+01 3.052356743997086141e+01 2.872421803725858069e+01
5.236084324323769579e+01 2.936027701722521854e+01 2.850407079279354861e+01
2.278763390641380582e+01 4.900489742236489121e+01 2.991060817731231225e+01
4.749184780454946520e+01 2.227852894395994099e+01 4.127210045738149802e+01
2.559109804569099822e+01 1.323372903800313871e+01 4.270157838953848284e+01
2.668213712124439496e+01 4.417098036552128093e+01 3.209266004447627552e+01
2.759983128274285491e+01 3.727148944024020238e+01 3.444586711426173053e+01
5.020640582570899113e+01 2.920494826253485598e+01 3.809403397279550063e+01
2.439808371070032322e+01 3.566209664346284569e+01 2.627787160071192929e+01
4.801574358698223932e+01 1.628457565471491009e+01 2.135276107957865932e+01
2.582678500536073329e+01 1.567469098559678287e+01 2.963176287884457594e+01
5.445814867194803810e+01 2.620872936517532992e+01 3.340285866276028770e+01
2.328753833560484665e+01 9.126140759386956347e+00 3.676919529224015548e+01
4.651737350913849411e+01 7.803639310009367058e+00 2.445613974664448165e+01
1.473368633649132953e+01 3.049625716590852420e+01 3.379192844764808967e+01
8.650612834396547157e+00 4.060875051598765140e+01 3.656756533614861127e+01
4.691849516733992687e+01 2.148323117177799446e+01 2.159887128501433651e+01
1.673307601182461823e+01 3.076560644921861609e+01 3.192259776399563620e+01
5.195634063416629544e+01 2.403468604594648639e+01 3.799713109989330917e+01
2.210999663160578521e+01 1.924784197559767307e+01 3.286081694629677230e+01
4.091859080744149679e+01 2.174057137007167384e+01 4.204319479623197253e+01
3.280990593653994836e+01 1.503676683732885699e+01 2.714938909035052816e+01
4.239400451361674982e+01 2.589433968887446014e+01 2.117387960634420807e+01
2.636302832767401938e+01 7.012374379310063688e+00 3.701305023485875267e+01
1.563694524041174816e+01 4.565452701791508616e+01 2.322188424796756578e+01
3.067533784480568215e+01 3.153552747224584607e+01 2.254649978916788911e+01
3.952959839236766015e+01 1.779190242845522718e+01 2.146194771064076079e+01
4.744832814316377778e+01 7.129183618958931490e+00 3.804594130375653549e+01
1.943793796964689236e+01 2.414338627244288560e+01 3.347582478832511299e+01
3.503055635643591614e+01 1.439351045260480966e+01 3.680432738381249180e+01
5.225192469528123951e+01 1.049864334986251002e+01 3.795099710729130038e+01
1.966034902218049041e+01 4.320025559823913142e+01 3.983189488646593901e+01
1.153578174923088895e+01 3.492453674961800658e+01 4.107421381303939256e+01
1.823216908162514116e+01 5.254452727336383333e+01 2.876923896796522939e+01
9.137253698114200517e+00 3.193211747669444023e+01 2.874433890288635141e+01
4.406273548711465793e+01 3.180825409676540971e+01 2.452662910722165179e+01
3.066495380250506742e+01 8.732463556246591097e+00 3.727254936658740547e+01
3.535550948035703556e+01 3.664647400609743499e+01 3.113764162732279317e+01
3.866018403198393827e+01 1.414870870295539440e+01 3.717466549765377692e+01
5.049491639462254255e+01 7.936937391053801250e+00 3.546334423095434119e+01
4.190110713241540452e+01 1.893299575708551785e+01 2.130706552415302824e+01
1.056665378669675448e+01 3.272419564598958175e+01 2.380253323096557949e+01
1.029833750167598971e+01 3.172173360223897731e+01 2.606070309274386432e+01
4.115948194196804621e+01 3.462108189920807177e+01 2.927840726141383954e+01
1.734311028196866289e+01 3.100728917660906347e+01 3.421338571838285247e+01
4.678228003690926329e+01 1.671390741716948725e+01 4.155658255424575032e+01
5.302091633225664680e+01 2.517242073442446326e+01 2.687876037604329582e+01
5.193457940885683399e+01 1.271828608948306716e+01 3.485758441438392197e+01
1.543518949723391742e+01 5.139769233770482515e+01 3.503833715115091252e+01
2.291604353651989356e+01 4.617392530408356066e+01 3.611615200491421263e+01
3.158391839398880663e+01 3.727574103507708969e+01 2.790683788142261790e+01
1.852770421395624822e+01 4.931060532794954554e+01 1.892221396395736832e+01
2.408400743909368913e+01 1.649889603289860673e+01 2.069011072900219972e+01
2.543188784853328599e+01 2.089359009556239855e+01 2.051711131594240811e+01
2.694171936267181167e+01 7.253612643375921820e+00 3.623381070859495878e+01
1.991079315252012449e+01 2.318916632608366868e+01 2.859793068527869764e+01
3.639034805727082755e+01 1.835155889252640549e+01 4.207399714757870868e+01
2.263072197850949863e+01 4.048966827591904405e+01 3.915207961855472263e+01
1.606664265667460612e+01 3.482305172706048779e+01 4.030889508706296454e+01
4.390676232739720319e+01 1.106150801263590644e+01 2.654314377850858619e+01
2.752379272018606571e+01 9.944612223942858265e+00 4.191282311390374815e+01
2.378941193662958753e+01 2.222336498159645402e+01 2.151119974223995257e+01
4.686438449416561980e+01 3.343574584393876137e+01 2.747283131399685274e+01
2.131227818937742313e+01 2.135481793789317351e+01 3.673103626890315354e+01
2.680280526882272341e+01 4.020042794264995223e+01 2.794266082177847110e+01
2.583349549552801605e+01 4.471434152794505934e+01 2.897028788812490063e+01
2.719428668292254159e+01 1.532833665512381138e+01 2.968873054488244634e+01
8.659441788366194714e+00 4.135991842414458119e+01 2.985377464083381582e+01
4.032791443922384644e+01 2.613730526477570848e+01 2.106904497357134431e+01
2.397804228441753338e+01 2.516792000737049051e+01 4.089180019829029789e+01
4.911137370379402967e+01 3.323424770191331135e+01 3.217281889239497872e+01
2.192981147094408101e+01 2.319288292580121080e+01 2.396897177405350021e+01
4.572825997003856457e+01 2.165131574381401691e+01 2.137557413132995165e+01
1.366393243427419257e+01 3.021987979768035615e+01 3.296127916146096481e+01
4.942948433387855545e+01 1.832877746541978681e+01 4.118965922596872531e+01
1.574044874397628568e+01 3.334547772901488827e+01 3.945230758870449250e+01
4.898406148304310648e+01 1.497910403092905796e+01 4.148454623398816210e+01
1.694721460872095875e+01 4.535174058221913640e+01 4.156578830096242427e+01
2.565232307218622054e+01 1.254193196747552719e+01 4.263930045790827705e+01
2.676670855834417750e+01 3.809235509254114049e+01 2.897379649553263903e+01
2.294931369270848975e+01 4.682418592413665692e+01 2.757753200025619122e+01
2.194584547397723640e+01 1.418068820038041800e+01 3.836868193850371256e+01
3.222292770430496489e+01 2.752247666848808905e+01 4.202697189692214863e+01
2.014573653173174961e+01 2.857866934368719569e+01 3.512942570702804090e+01
2.301414270629683756e+01 1.785874482789761686e+01 3.491514496204761286e+01
7.357981482160321107e+00 3.594278917731281098e+01 2.429648251475136433e+01
3.954290307682371974e+01 1.498398235693405667e+01 3.801828323173221236e+01
3.648942084216042048e+01 1.352955865473575514e+01 2.744219052672110237e+01
5.229963055323787557e+01 1.738480678170662230e+01 2.625343478991124613e+01
4.675278783192851506e+01 1.166054456996024769e+01 2.957155100072164089e+01
4.729466138212442416e+01 1.092342000382788392e+01 2.210213715353265229e+01
4.959866695713527207e+01 1.825660274959577478e+01 4.110531518579249877e+01
2.114856239467447097e+01 2.965786702336074043e+01 2.683893725940492914e+01
3.039555713493256306e+01 3.434141695929871219e+01 3.873712960359019064e+01
3.607903542575491684e+01 1.830180284169517790e+01 2.104571094194839986e+01
2.955425303052313879e+01 3.751771635791642723e+01 2.933473676330773827e+01
1.451830575589029415e+01 4.826617092383241214e+01 3.814122198978613199e+01
1.669023106613723684e+01 4.924697815175012039e+01 2.128251762890509724e+01
3.972749039844595131e+01 3.497667622323021419e+01 2.961107608771445143e+01
1.609470133600439823e+01 4.580954492747127205e+01 2.274424676458546557e+01
4.807751905095481249e+01 3.005548101800955507e+01 2.388981862174892257e+01
1.319845537500918908e+01 3.381337201347575672e+01 4.054102358185377852e+01
2.417114680254484327e+01 1.043756613815162204e+01 2.800743284445099945e+01
4.438581930202559533e+01 1.414938661336134729e+01 2.901351891384616266e+01
4.419060855773791019e+01 3.443546202461973138e+01 2.882625362702663097e+01
2.834910182886144980e+01 1.076593183574719248e+01 2.863233372261630905e+01
2.812799925762030284e+01 1.312683662572642440e+01 3.422258636722794733e+01
4.761776317289195504e+01 7.536191077798343407e+00 3.916625482820132476e+01
4.697144634897861692e+01 3.062845212673036954e+01 3.884106147581706381e+01
2.982592976214426983e+01 3.708708202249373898e+01 3.552905733171175484e+01
2.506333947045469657e+01 3.235824140493046031e+01 3.797714142597624942e+01
3.739459028690717446e+01 3.581845909493608815e+01 3.116688309583662431e+01
4.861504458176038668e+01 8.400838016443795908e+00 4.006812778552961163e+01
9.507767469017148088e+00 3.762738622687145096e+01 2.246962458787453798e+01
1.008485632615941441e+01 4.343830470887443340e+01 2.671644642494104716e+01
2.593470815426594100e+01 8.106034816361068707e+00 3.526036681531395089e+01
3.144853999252101673e+01 1.475796840067025606e+01 3.397342396291003297e+01
1.991280108738330767e+01 2.473628558005555078e+01 3.520371289432118544e+01
2.147224956729449374e+01 4.186926046430374271e+01 3.936916786044941574e+01
7.759831620645941008e+00 3.316080092717919570e+01 2.901836684991555160e+01
1.506974167856352409e+01 4.386913564188714076e+01 3.963713562547422242e+01
2.731707017068948318e+01 4.193340809486618070e+01 2.978514618906855915e+01
4.032943291587989876e+01 2.809056647104626592e+01 4.116254711896140606e+01
5.117288296570725947e+01 2.228990764154778503e+01 3.913954640794880646e+01
2.488115045521349344e+01 4.670785538493416311e+01 2.978693944234215962e+01
3.191017817639994192e+01 1.297056411801869835e+01 3.831549707710063046e+01
8.874630337939871438e+00 4.134735095820801121e+01 2.746304298073748029e+01
